% a1=[407060 115840 220600 407960 177300]
% b1=[61110 527770 316690 16731 72220]
% c1=[7157000 7157000 7157000 7157000 7157000]
% (a1+b1)./(a1+b1+c1)

a2=[1588800 422260 620250 1561900 554990]
b2=[61110 527770 377830 16731 122220]
c2=[7157000 7157000 7157000 7157000 7157000]
(a2+b2)./(a2+b2+c2)