% subsection 5.2.2 pfail = 10^(-1)
% a1=[407060 115840 220600 408310 177260]
% b1=[61110 527770 316690 16730 72260]
% c1=[7157000 7157000 7157000 7157000 7157000]
% (a1+b1)./(a1+b1+c1)

% subsection 5.2.2 pfail = 10^(-0.5)
a2=[1588800 422300 620200 1564200 554900]
b2=[61110 527770 377830 16730 122260]
c2=[7157000 7157000 7157000 7157000 7157000]
(a2+b2)./(a2+b2+c2)










